14415921
11496902
6642860
18651582
13950276
14391540
8666923
19033417
2940828
11501528
11174322
12379481
632661
16179334
12293305
4825490
7862569
1541011
9665064
11764937
11760381
2983017
6857897
16656951
8459816
9777783
3898013
18836791
2577816
41461
13823604
9224162
13455648
10888158
11474627
10770540
8122984
16617465
17961498
11965271
6545485
4123634
1035429
6671833
9378361
3883618
18875115
12636509
14566239
6358623
14619836
2344057
4791293
6410184
7101715
7335152
6843051
3864555
2039853
7288088
14689905
12643331
10286658
801962
10086706
6600808
11036796
18558423
6227852
11600542
7369336
7752784
4127539
1013583
10253351
8949555
1868064
7247171
15661834
16437725
8378092
9033430
18389550
17425400
14468871
16179538
2649628
15269268
9091940
110577
16441046
3079830
8536307
15478413
12346557
10682326
1715567
13154160
18442948
9084898
